wp init start 001
19.590911865 18.2999992371 7.03000020981 0.0 3.14159011841 0.0 								0 0
28.0 18.2999992371 7.11000013351 0.0 3.14159011841 0.0										0 0
end

wp to a 001
45.673187256 18.2999992371 -4.34993004799 0.0 0.0 0.0 										15 0  a
end

wp to b 001
63.325302124 18.2999992371 -4.43000006676    0.0 3.14159011841 0.0  						15 0   b
end

wp to c 001
74.6725006104 18.2999992371 -6.1499996185    0.0 0.0 0.0	   								15 0   c
end

wp to d 001
83.38848877 18.2999992371 -6.54993009567 0.0 2.3561899662 0.0  								15 0   d
end

wp to e 003
13.2446994781 8.30000305176 -4.80001997948    0.0 0.0 0.0   								15 0   e
end

wp to f 003
35.557800293 10.2397003174 -3.72002005577    0.0 0.0 0.0   									15 0   f
end

wp to g 003
36.9118995667 18.3000030518 -3.95006990433    0.0 3.14159011841 0.0   						15 0   g
end

wp to h 003
47.3409996033 18.3000030518 -4.3100004196    0.0 0.0 0.0	   								15 0   h
end

wp to i 003
73.6649017334 18.5 -4.89005994797    0.0 3.14159011841 0.0   								15 0   i
end

wp to j 003
80.3340988159 22.3000030518 -4.93001008034    0.0 3.14159011841 0.0   						15 0   j
end

wp to k 002
0.196437835693 6.30000305176 -5.98001003265    0.0 3.14159011841 0.0   						15 0   k
end	

wp to l 002
29.3395004272 8.30000305176 -5.1599998474    0.0 3.14159011841 0.0   						15 0   l
end

wp to m 002
40.6156005859 8.33999633789 -9.76002025604    0.0 0.0 0.0   								15 0   m
end

wp to n 002
44.7593002319 8.30000305176 -3.42003011703    0.0 0.0 0.0   								15 0   n
end

wp to o 002
2.71908187866 10.3000030518 -5.40001010895    0.0 3.14159011841 0.0   						15 0   o
end

wp to p 002
21.0305023193 12.3000030518 -6.78001022339    0.0 3.14159011841 0.0   						15 0   p
end

wp to q 002
34.268699646 12.0 -5.66001987457    0.0 0.0 0.0   											15 0   q
end

wp to r 002
50.6438980103 10.3000030518 -5.06001996994    0.0 3.14159011841 0.0   						15 0   r
end

wp to s 004
48.3074035645 10.3000030518 -2.91999006271    0.0 3.14159011841 0.0   						15 0    s
end

wp start x1 001
31.037994385 18.2799987793 7.05000019073 0.0 3.14159011841 0.0								0 0
32.280212402 18.2999992371 7.46999979019 0.0 3.52698993683 0.0 								0 0
33.402893066 18.3400001526 8.86999988556 0.0 3.83999991417 0.0 								0 0
34.579101563 18.2999992371 11.1500997543 0.0 3.92000007629 0.0 								0 0
35.446289063 18.2999992371 12.4500999451 0.0 3.48001003265 0.0 								0 0
36.92980957 18.2999992371 12.9900999069 0.0 3.16000008583 0.0 								0 0 
44.880889893 18.2999992371 13.1099996567 0.0 3.14159011841 0.0 								0 0 
end
	
wp x1 x2 001
48.04119873 18.3100013733 13.0101003647 0.0 3.14159011841 0.0								0 0
49.253204346 18.2999992371 12.6100997925 0.0 2.8615899086 0.0  								0 0
49.962097168 18.2999992371 11.9500999451 0.0 2.54158997536 0.0 								0 0
51.156890869 18.2999992371 10.1900997162 0.0 2.66160011292 0.0 								0 0
52.604400635 18.2999992371 9.05008029938 0.0 3.14159011841 0.0 								0 0
55.907501221 18.2999992371 8.99007987976 0.0 3.14159011841 0.0 								0 0
57.327514648 18.2999992371 9.67008972168 0.0 3.58158993721 0.0 								0 0
58.117889404 18.2999992371 10.5901002884 0.0 3.82158994675 0.0 								0 0
59.257202148 18.2999992371 12.1701002121 0.0 3.66159009933 0.0 								0 0
60.014801025 18.2999992371 12.8701000214 0.0 3.46159005165 0.0 								0 0
61.174407959 18.2999992371 13.0700998306 0.0 3.14159011841 0.0 								0 0
64.010803223 18.3400001526 13.0100002289 0.0 3.14159011841 0.0 								0 0
end

wp x2 b 001
65.4927978516 18.290599823 12.6300001144 0.0 2.66159009933 0.0								0 0
66.2636032104 18.2999992371 11.6899995804 0.0 2.51999998093 0.0								0 0
66.9303970337 18.2999992371 10.3900003433 0.0 2.14159011841 0.0								0 0
67.2641983032 18.2999992371 9.0099697113 0.0 1.96000003815 0.0								0 0
67.4913024902 18.2999992371 7.21000003815 0.0 1.61080002785 0.0								0 0
67.5102996826 18.2999992371 3.58999991417 0.0 1.57079994678 0.0								0 0
67.4095993042 18.2999992371 1.87000000477 0.0 1.25080001354 0.0								0 0
66.2618026733 18.2999992371 -1.37000000477 0.0 0.559997975826 0.0							0 0
63.3252983093 18.2999992371 -2.43000006676 0.0 0.0 0.0										0 0
end

wp x2 x3 001
72.220489502 18.2999992371 13.0700998306 0.0 3.14159011841 0.0 								0 0	
end

wp x3 d 001
73.524688721 18.3400001526 12.3900995255 0.0 2.71619009972 0.0 								0 0 x3d 1
74.384887695 18.2999992371 11.2901000977 0.0 2.37080001831 0.0 								0 0 x3d 2
83.38848877 18.2999992371 -6.54993009567 0.0 2.3561899662 0.0  								0 0 d	
end
	
wp a x1 001
42.8342018127 18.2999992371 -1.56992995739 0.0 5.76318979263 0.0							0 0				
41.804901123 18.2999992371 0.9500669837 0.0 5.12341022491 0.0								0 0
41.5176010132 18.2999992371 5.05005979538 0.0 4.72318983078 0.0								0 0
41.5211982727 18.2999992371 6.85005998611 0.0 4.59999990463 0.0								0 0
41.8464012146 18.2999992371 9.55006980896 0.0 4.28318977356 0.0								0 0
42.6286010742 18.2999992371 11.5501003265 0.0 3.8031899929 0.0								0 0
43.6851997375 18.2999992371 12.6999998093 0.0 3.52319002151 0.0								0 0
44.8809013367 18.2999992371 13.1099996567 0.0 3.14159011841 0.0								0 0
end

wp e x4 003
9.91661071777 8.30000305176 -2.40001988411  0.0 6.24318981171 0.0   						2 2   ex4 1
8.50514030457 8.5 -1.40002000332    		0.0 5.56318998337 0.0   						2 2   ex4 2
7.92453956604 8.30000305176 0.499983012676  0.0 5.28318977356 0.0   						2 2   ex4 3
7.52094078064 8.30000305176 3.1099998951    0.0 4.71238994598 0.0   						2 2   ex4 4
7.83514976501 8.30000305176 5.51000022888   0.0 4.35238981247 0.0   						2 2   ex4 5
8.35383033752 8.30000305176 7.07000017166   0.0 4.00319004059 0.0   						2 2   ex4 6
9.2956199646 8.30000305176 8.36999988556    0.0 3.55999994278 0.0   						2 2   ex4 7
9.98033905029 8.30000305176 8.90999984741   0.0 3.44319009781 0.0   						2 2   ex4 8
11.1396007538 8.30000305176 9.02999973297   0.0 3.14159011841 0.0   						2 2   ex4 9
12.6429004669 8.35999298096 9.01000976563   0.0 3.14159011841 0.0			   				2 2   ex4 10
14.1233997345 8.64183044434 9.02999973297   0.0 3.18133997917 0.239967003465  				2 2   ex4 11
15.3306007385 9.25006103516 9.01000022888   0.0 3.14159011841 0.639998972416   				2 2   ex4 12
16.4440002441 10.1800003052 9.01000022888   0.0 3.14159011841 0.719998002052   				2 2   ex4 13
17.672000885 11.401802063 9.01000022888    	0.0 3.14159011841 0.75999802351   				2 2   ex4 14
20.2551002502 14.0090026855 9.05000972748   0.0 3.14159011841 0.75999802351   				2 2   ex4 15
21.6944999695 15.2919006348 9.02999019623   0.0 3.14159011841 0.639998972416   				2 2   ex4 16
22.5369987488 15.8143005371 9.03001022339   0.0 3.14159011841 0.399998992682   				2 2   ex4 17
23.3550987244 16.1063995361 9.03001022339   0.0 3.14159011841 0.199999004602   				2 2   ex4 18
24.5537986755 16.2771987915 9.11001014709   0.0 3.14159011841 0.0   						2 2   ex4 19
25.2361984253 16.2835006714 9.21000957489   0.0 3.14159011841 0.0   						2 2   ex4 20
28.7341995239 16.2748031616 9.35000991821   0.0 3.14159011841 0.0   						2 2   ex4 21
30.0635986328 16.1464004517 9.1900100708    0.0 3.14159011841 6.04319000244   				2 2   ex4 22
31.5597991943 15.6052017212 9.33001041412   0.0 3.22159004211 5.68318986893   				2 2   ex4 23
32.6481018066 14.8191986084 9.47002029419   0.0 3.19967007637 5.52478981018  			 	2 2   ex4 24
33.459400177 13.8199996948 9.65001964569    0.0 3.14159011841 5.3631901741   				2 2   ex4 25
34.0833015442 12.7391967773 9.77001953125   0.0 3.14159011841 5.12318992615   				2 2   ex4 26
34.4949989319 11.595199585 9.1900100708     0.0 3.14159011841 4.88319015503   				2 2   ex4 27
34.5872001648 10.1597976685 10.0900001526   0.0 3.14159011841 4.68318986893   				2 2   ex4 28
34.4491996765 8.88564300537 10.1700000763   0.0 3.14159011841 4.40319013596   				2 2   ex4 29
34.0211982727 7.64336013794 10.3500003815   0.0 3.18172001839 4.163189888   				2 2   ex4 30
33.2844009399 6.49687957764 10.4300003052   0.0 3.02197003365 3.88262009621   				2 2   ex4 31
32.3793983459 5.60348892212 10.5699996948   0.0 3.06260991096 3.80269002914   				2 2   ex4 32
31.3266983032 4.87255859375 10.7299995422   0.0 3.09441995621 3.60472989082   				2 2   ex4 33
30.0358009338 4.32458114624 10.8299999237    6.26733016968 3.06317996979 3.40257000923   	2 2   ex4 34
28.6649017334 4.08665847778 11.0501003265    6.26110982895 3.0246899128 3.16234993935   	2 2   ex4 35
27.1230010986 4.13190841675 11.1701002121   0.0 3.06787991524 2.92204999924   				2 2   ex4 36
26.1380996704 4.32437133789 11.2100000381    0.0 3.02158999443 2.71619009972   				2 2   ex4 37
24.8988990784 4.91173934937 11.3500003815    0.0 3.14159011841 2.55619001389   				2 2   ex4 38
23.653301239 5.78202819824 11.529999733    0.0 3.14159011841 2.31619000435     				2 2   ex4 39
22.5433998108 7.13385009766 11.7299995422    0.0 3.14159011841 2.11618995667   				2 2   ex4 40
21.9090995789 8.33937835693 11.8299999237    0.0 3.14159011841 1.87618994713   				2 2   ex4 41
21.5149993896 9.52689361572 11.8699998856    0.0 3.14159011841 1.73080003262   				2 2   ex4 42
21.3843994141 11.0061035156 12.0500001907    0.0 3.14159011841 1.45079994202   				2 2   ex4 43
21.4925003052 12.2251968384 12.1700000763    0.0 3.14159011841 1.30540001392   				2 2   ex4 44
21.8720016479 13.5093994141 12.2100000381    0.0 3.14159011841 1.18540000916   				2 2   ex4 45
22.3569984436 14.5277023315 12.3900003433    0.0 3.14159011841 1.02540004253   				2 2   ex4 46
22.8955001831 15.295501709 12.4300003052    0.0 3.14159011841 0.945397973061   				2 2   ex4 47
24.186000824 16.6846008301 12.5900001526    0.0 3.14159011841 0.705398023129   				2 2   ex4 48
25.3926010132 17.4574966431 12.7100000381    0.0 3.14159011841 0.519999027252   			2 2   ex4 49
26.5316009521 17.9375991821 12.8100004196    0.0 3.14159011841 0.279998987913   			2 2   ex4 50
27.9458007813 18.227897644 12.970000267    0.0 3.14159011841 0.0799996033311   				2 2   ex4 51
29.3769989014 18.3000030518 13.0100002289    0.0 3.14159011841 0.0   						2 2   ex4 52
38.2811012268 18.3000030518 13.029999733    0.0 3.14159011841 0.0   						0 0   x4
end

wp x4 x5 003
47.1491012573 18.3000030518 12.9899997711    0.0 3.14159011841 0.0   						0 0   x5 0
end

wp x4 g 003
39.3785018921 18.3000030518 12.8298997879    0.0 2.80320000648 0.0   						0 0   x4g 1
39.8009986877 18.3000030518 12.3298997879    0.0 2.66159009933 0.0   						0 0   x4g 2
40.7624015808 18.3000030518 10.789899826    0.0 2.30158996582 0.0   						0 0   x4g 3
41.2680015564 18.3000030518 9.10988998413    0.0 1.90158998966 0.0   						0 0   x4g 4
41.4654006958 18.2399978638 6.76989984512    0.0 1.57079994678 0.0   						0 0   x4g 5
41.4151000977 18.1800003052 3.68989992142    0.0 1.37080001831 0.0   						0 0   x4g 6
41.0082015991 18.3000030518 0.729925990105    0.0 0.8399990201 0.0   						0 0   x4g 7
36.9118995667 18.3000030518 -2.95006990433    0.0 0.0 0.0   								0 0   g 0
end

wp x5 i 003
59.2985992432 18.3000030518 13.0699996948    0.0 3.14159011841 0.0   						0 0   x5i 1
60.6596984863 18.3399963379 12.75    0.0 2.90159010887 0.0   								0 0   x5i 2
61.7863006592 18.3000030518 11.9499998093    0.0 2.62158989906 0.0   						0 0   x5i 3
62.7816009521 18.3000030518 10.7899999619    0.0 2.62158989906 0.0   						0 0   x5i 4
63.904296875 18.3000030518 9.58996963501    0.0 2.8615899086 0.0   							0 0   x5i 5
64.7854995728 18.3399963379 9.10995960236    0.0 3.02158999443 0.0   						0 0   x5i 6
65.7077026367 18.3000030518 8.97002983093    0.0 3.14159011841 0.0   						0 0   x5i 7
73.193397522 18.2149963379 9.05000019073    0.0 3.14159011841 0.0   						0 0   x5i 8
74.4617004395 18.3070983887 8.9499502182    0.0 3.06158995628 0.0   						0 0   x5i 9
75.5101013184 18.3000030518 8.56993961334    0.0 2.70159006119 0.0   						0 0   x5i 10
76.5550994873 18.3199996948 7.32992982864    0.0 2.3561899662 0.0   						0 0   x5i 11
77.3359985352 18.3000030518 4.8099398613    0.0 1.97080004215 0.0   						0 0   x5i 12
77.4251022339 18.3000030518 2.30994009972    0.0 1.36000001431 0.0   						0 0   x5i 13
76.8367004395 18.3000030518 -0.430061012506    0.0 0.999997973442 0.0   					0 0   x5i 14
73.6649017334 18.5 -4.89005994797    0.0 0.0 0.0   											0 0   i 0
end

wp f j 003
32.7150001526 10.3516998291 -1.62002003193    0.0 5.80319023132 0.0   						0 0   fj 1
31.6678009033 10.3001022339 1.47997999191    0.0 5.03239011765 0.0   						0 0   fj 2
31.4766998291 10.2637023926 4.49997997284    0.0 4.71238994598 0.0   						0 0   fj 3
31.4879989624 10.2880020142 9.31999969482    0.0 4.71238994598 0.0   						0 0   fj 4
31.5728988647 10.3760986328 12.0399999619    0.213747993112 4.63608980179 0.111138001084   	0 0   fj 5
31.6557006836 10.5568008423 14.0200004578    0.50105702877 4.15753984451 0.358153998852   	0 0   fj 6
32.5343017578 11.0886001587 16.5400009155    0.709591984749 3.0581600666 0.803197026253  	0 0   fj 7
33.3838996887 12.0616989136 17.0200004578    0.411152005196 2.66681003571 0.906033992767   	0 0   fj 8
34.4070014954 12.8039016724 16.5799999237    0.136338993907 2.59425997734 0.578329980373   	0 0   fj 9
35.6613006592 13.7466964722 14.7600002289    0.165906995535 2.60950994492 0.482802987099   	0 0   fj 10
37.2023010254 14.2399978638 13.4600000381    6.26276016235 2.88398003578 0.0773537009954   	0 0   fj 11
38.8763999939 14.2799987793 12.9600000381    0.0 3.10158991814 0.0   						0 0   fj 12
39.6982002258 14.3307037354 12.8999996185    0.0 3.10158991814 0.0   						0 0   fj 13
45.7607002258 14.2773971558 13.0    0.0 3.14159011841 0.0   								0 0   fj 14
47.1129989624 14.3000030518 12.6800003052    0.0 2.8615899086 0.0   						0 0   fj 15
48.2232971191 14.3199996948 11.4600000381    0.0 2.46159005165 0.0   						0 0   fj 16
48.9775009155 14.3000030518 10.1999998093    0.0 2.62158989906 0.0   						0 0   fj 17
49.9208984375 14.3000030518 9.31999015808    0.0 2.8615899086 0.0   						0 0   fj 18
51.2544021606 14.4000015259 8.9999704361    0.0 3.14159011841 0.11999899894   				0 0   fj 19
52.3889007568 14.7351989746 9.03997993469    0.0251128003001 3.21755003929 0.319043010473   0 0   fj 20
53.4253997803 15.2714004517 9.0199804306    0.0 3.22707009315 0.638979017735   				0 0   fj 21
54.4953994751 16.2248001099 8.97999000549    6.26644992828 3.19091010094 0.719509005547   	0 0   fj 22
55.4742965698 17.0697021484 8.95998001099    6.26768016815 3.18988990784 0.679525017738   	0 0   fj 23
56.6841964722 17.8799972534 9.01998996735    0.0155218001455 3.17845010757 0.39971101284   	0 0   fj 24
58.146697998 18.2799987793 8.99999046326    6.28002023697 3.10172009468 0.0799354985356   	0 0   fj 25
59.6050033569 18.2799987793 9.07997989655    0.0 3.18159008026 0.0   						0 0   fj 26
60.9681015015 18.3000030518 9.67998981476    0.0 3.46159005165 0.0   						0 0   fj 27
62.1750030518 18.3000030518 10.7399997711    0.0 3.66159009933 0.0   						0 0   fj 28
63.3414993286 18.3000030518 12.0600004196    0.0 3.54158997536 0.0   						0 0   fj 29
64.8837966919 18.3000030518 12.9600000381    0.0 3.26159000397 0.0   						0 0   fj 30
66.383102417 18.3007965088 13.0399999619    6.28002023697 3.10172009468 0.0799354985356   	0 0   fj 31
67.8127975464 18.5092010498 13.0    0.01403770037 3.17903995514 0.359735012054   			0 0   fj 32
68.9760971069 19.052696228 12.9600000381    0.012035000138 3.14159011841 0.51822000742   	0 0   fj 33
70.1671981812 19.948600769 13.0399999619    6.25686979294 3.11147999763 0.719600975513   	0 0   fj 34
71.3986968994 21.0224990845 13.0    6.25490999222 3.15030002594 0.679570019245   			0 0   fj 35
72.7425994873 21.9111022949 13.0200004578    0.0 3.14159011841 0.359999001026   			0 0   fj 36
74.0914993286 22.3000030518 13.0    0.0 3.14159011841 0.0   								0 0   fj 37
75.1872024536 22.3150024414 12.6800003052    0.0 2.8615899086 0.0   						0 0   fj 38
76.3505020142 22.3000030518 11.1300001144    0.0 2.47619009018 0.0   						0 0   fj 39
77.4570999146 22.3000030518 9.74999046326    0.0 2.71619009972 0.0   						0 0   fj 40
79.0830001831 22.3000030518 9.02999019623    0.0 3.11619997025 0.0   						0 0   fj 41
81.0923995972 22.3000030518 9.00998973846    0.0 3.1561999321 0.0   						0 0   fj 42
82.3229980469 22.3000030518 8.64997005463    0.0 2.83618998528 0.0   						0 0   fj 43
83.5464019775 22.3000030518 7.24997997284    0.0 2.43618988991 0.0   						0 0   fj 44
84.2591018677 22.3000030518 4.9499797821    0.0 1.95620000362 0.0   						0 0   fj 45
84.302696228 22.3000030518 1.56999003887    0.0 1.23619997501 0.0   						0 0   fj 46
83.4203033447 22.3000030518 -2.0500099659    0.0 0.479997992516 0.0   						0 0   fj 47
80.3340988159 22.3000030518 -5.93001008034    0.0 0.0 0.0   								0 0   j 
end

wp x1 a 001
43.6851997375 18.2999992371 12.6999998093    0.0 0.381597995758 0.0  						0 0   x1a 1
42.6286010742 18.2999992371 11.5501003265    0.0 0.661598026752 0.0   						0 0   x1a 2
41.8464012146 18.2999992371 9.55006980896    0.0 1.14160001278 0.0   						0 0   x1a 3
41.5211982727 18.2999992371 6.85005998611    0.0 1.45841002464 0.0   						0 0   x1a 4
41.5176010132 18.2999992371 5.05005979538    0.0 1.58159005642 0.0   						0 0   x1a 5
41.804901123 18.2999992371 0.9500669837    6.24487018585 1.9818199873 0.0114460997283   	0 0   x1a 6
42.8342018127 18.2999992371 -1.56992995739    0.0 2.62159991264 0.0   						0 0   x1a 7
45.6731987 18.2999992371 -2.34993004799    0.0 3.14159011841 0.0   							0 0   a 
end

wp b x2 001
66.2618026733 18.2999992371 -1.37000000477    0.0 3.70159006119 0.0   						0 0   Bx2 1
67.4095993042 18.2999992371 1.87000000477    0.0 4.39238977432 0.0   						0 0   Bx2 2
67.5102996826 18.5 3.58999991417    0.0 4.71238994598 0.0   								0 0   Bx2 3
67.4913024902 18.2999992371 7.21000003815    0.0 4.75238990784 0.0   						0 0   Bx2 4
67.2641983032 18.2999992371 9.0099697113    0.0 5.10159015656 0.0   						0 0   Bx2 5
66.9303970337 18.2999992371 10.3900003433    0.0 5.28318023682 0.0   						0 0   Bx2 6
66.2636032104 18.2999992371 11.6899995804    0.0 5.66159009933 0.0   						0 0   Bx2 7
65.4927978516 18.290599823 12.6300001144    0.0 5.80318021774 0.0   						0 0   Bx2 8
64.0108032227 18.3400001526 13.0100002289    0.0 0.0 0.0   									0 0   x2 
end

wp d x3 001
74.3849029541 18.2999992371 11.2901000977    0.0 5.51239013672 0.0   						0 0   x3D 1
73.5246963501 18.3400001526 12.3900995255    0.0 5.85777997971 0.0   						0 0   x3D 2
72.2204971313 18.2999992371 13.0700998306    0.0 0.0 0.0   									0 0   x3 0
end

wp x2 x1 001
61.1744003296 18.2999992371 13.0700998306    0.0 0.0 0.0   									0 0   x2x1 1
60.0148010254 18.2999992371 12.8701000214    0.0 0.319997996092 0.0   						0 0   x2x1 2
59.2572021484 18.2999992371 12.1701002121    0.0 0.519998013973 0.0   						0 0   x2x1 3
58.1178970337 18.2999992371 10.5901002884    0.0 0.679997980595 0.0   						0 0   x2x1 4
57.3274993896 18.2999992371 9.67008972168    0.0 0.439996987581 0.0   						0 0   x2x1 5
55.9075012207 18.2999992371 8.99007987976    0.0 0.0 0.0   									0 0   x2x1 6
52.6044006348 18.2999992371 9.05008029938    0.0 6.12318992615 0.0   						0 0   x2x1 7
51.1568984985 18.2999992371 10.1900997162    0.0 5.80319023132 0.0   						0 0   x2x1 8
49.962097168 18.2999992371 11.9500999451    0.0 5.68317985535 0.0   						0 0   x2x1 9
49.2531967163 18.2999992371 12.6100997925    0.0 6.00318002701 0.0   						0 0   x2x1 10
48.0411987305 18.3100013733 13.0101003647    0.0 0.0 0.0   									0 0   x2x1 11
44.8809013367 18.2999992371 13.1099996567    0.0 0.0 0.0   									0 0   x1 
end

wp x3 x2 001
64.0108032227 18.3400001526 13.0100002289    0.0 0.0 0.0   									0 0   x2 
end

wp c x3 001
71.9729995728 18.4000015259 -3.30999994278    0.0 6.00319004059 0.0   						0 0   cx3 1
70.0442962646 18.5 -0.229999005795    0.0 5.20318984985 0.0   								0 0   cx3 2
69.4990005493 18.2999992371 4.29998016357    0.0 4.72699022293 0.0   						0 0   cx3 3
69.4993972778 18.2999992371 6.6999797821    0.0 4.68698978424 0.0   						0 0   cx3 4
69.5761032104 18.2999992371 8.25998020172    0.0 4.44699001312 0.0   						0 0   cx3 5
70.0855026245 18.2999992371 10.3800001144    0.0 4.0069899559 0.0   						0 0   cx3 6
71.0429000854 18.3800010681 12.0600004196    0.0 3.68699002266 0.0   						0 0   cx3 7
72.2204971313 18.2999992371 13.0700998306    0.0 3.14159011841 0.0   						0 0   x3 
end

wp x3 c 001
71.0429000854 18.2999992371 12.0600004196    0.0 0.545403003693 0.0   						0 0   cx3 7
70.0855026245 18.2999992371 10.3800001144    0.0 0.865400016308 0.0   						0 0   cx3 6
69.5761032104 18.2999992371 8.25998020172    0.0 1.30540001392 0.0  						0 0   cx3 5
69.4993972778 18.2999992371 6.6999797821    0.0 1.54540002346 0.0   						0 0   cx3 4
69.4990005493 18.2999992371 4.29998016357    0.0 1.58539998531 0.0   						0 0   cx3 3
70.0442962646 18.5 -0.229999005795    0.0 2.06159996986 0.0   								0 0   cx3 2
71.9729995728 18.4000015259 -3.30999994278    0.0 2.86159992218 0.0   						0 0   cx3 1
74.6725006104 18.2999992371 -10.1499996185    0.0 3.14159011841 0.0   						0 0   c 0
end

wp k x6 002
0.639957427979 6.30000305176 9.01998996735    0.0 3.14159011841 0.0   						0 0   kx6 1
7.02997970581 6.30000305176 9.01998996735    0.0 3.14159011841 0.0   						0 0   kx6 2
8.45211029053 6.35707092285 8.99999046326    0.0 3.14159011841 0.0799996033311   			0 0   kx6 3
9.89424133301 6.64556121826 8.99999046326    0.0 3.14159011841 0.319999009371   			0 0   kx6 4
11.1500015259 7.12505340576 9.01998996735    0.0 3.14159011841 0.439999014139   			0 0   kx6 5
12.4359016418 7.67835998535 9.01998996735    0.0 3.14159011841 0.399998992682   			0 0   kx6 6
13.7126998901 8.07431030273 9.03999042511    0.0 3.14159011841 0.239998996258   			0 0   kx6 7
14.9235992432 8.25009918213 9.01998996735    0.0 3.14159011841 0.0799996033311   			0 0   kx6 8
15.9841003418 8.30000305176 8.99999046326    0.0 3.14159011841 0.0   						0 0   kx6 9
17.0400009155 8.30000305176 9.0199804306    0.0 3.14159011841 0.0   						0 0   kx6 10
18.2297973633 8.30000305176 9.39000988007    0.0 3.46159005165 0.0   						0 0   kx6 11
19.2183990479 8.30000305176 10.5699996948    0.0 3.78158998489 0.0   						0 0   kx6 12
20.0121002197 8.30000305176 11.7899999619    0.0 3.74160003662 0.0   						0 0   kx6 13
20.8274002075 8.30000305176 12.6499996185    0.0 3.4215900898 0.0   						0 0   kx6 14
21.9983978271 8.30000305176 13.0    0.0 3.14159011841 0.0   								0 0   kx6 15
27.1439971924 8.27851104736 13.0    0.0 3.14159011841 0.0   								0 0   kx6 16
28.5742034912 8.34158325195 12.720000267    0.0 2.94159007072 0.0   						0 0   kx6 17
29.6790008545 8.30000305176 11.9200000763    0.0 2.74159002304 0.0   						0 0   kx6 18
30.4906005859 8.30000305176 11.3000001907    0.0 2.98159003258 0.0   						0 0   kx6 19
31.1905975342 8.30000305176 11.0200004578    0.0 3.14159011841 0.0   						0 0   x6
end

wp x6 x7 002
39.5727005005 8.30000305176 11.0    0.0 3.14159011841 0.0   								0 0   x7
end

wp x6 l 002
32.1351013184 8.30000305176 10.7700004578    0.0 2.92000007629 0.0   						0 0   x6l 1
33.1502990723 8.30000305176 9.84996986389    0.0 2.54158997536 0.0   						0 0   x6l 2
33.9449005127 8.30000305176 8.3099603653    0.0 2.19619011879 0.0   						0 0   x6l 3
34.2729034424 8.30000305176 6.98999023438    0.0 1.94158995152 0.0   						0 0   x6l 4
34.4580993652 8.30000305176 5.01000022888    0.0 1.61080002785 0.0   						0 0   x6l 5
34.4394989014 8.30000305176 2.33997988701    0.0 1.36000001431 0.0   						0 0   x6l 6
33.7994995117 8.30000305176 -0.580017983913    0.0 0.879998981953 0.0   					0 0   x6l 7
32.1508026123 8.25998687744 -3.06001996994    0.0 0.0 0.0   								0 0   x6l 8
29.3395004272 8.30000305176 -12.1599998474    0.0 0.0 0.0   								0 0   l
end

wp x7 n 002
44.648399353 8.30000305176 11.0200004578    0.0 3.14159011841 0.0   						0 0   x7n 1
44.7593002319 8.30000305176 -3.42003011703    0.0 3.14159011841 0.0   						0 0   n
end


wp o x8 002
6.81864929199 10.3000030518 -2.20002007484    0.0 3.14159011841 0.0   						0 0   ox8 1
8.01844024658 10.3000030518 0.379983991385    0.0 4.10159015656 0.0   						0 0   ox8 2
8.43796920776 10.4199981689 2.89998006821    0.0 4.58159017563 0.0   						0 0   ox8 3
8.50547027588 10.3000030518 6.09997987747    0.0 4.74159002304 0.0   						0 0   ox8 4
8.68180847168 10.3000030518 8.79998016357    0.0 4.38158988953 0.0   						0 0   ox8 5
9.26663970947 10.3000030518 10.8999996185    0.0 3.88699007034 0.0   						0 0   ox8 6
10.0623016357 10.3199996948 12.1400003433    0.0 3.62159991264 0.0   						0 0   ox8 7
10.9940986633 10.3000030518 12.8599996567    0.0 3.30158996582 0.0   						0 0   ox8 8
12.214099884 10.3543014526 13.0200004578    0.0 3.14159011841 0.0399999991059   			0 0   ox8 9
13.4277992249 10.5307998657 13.0200004578    0.0 3.14159011841 0.199999004602   			0 0   ox8 10
14.6271018982 10.9040985107 13.0399999619    0.0 3.14159011841 0.399998992682   			0 0   ox8 11
15.7439002991 11.4000015259 13.1000003815    0.0 3.14159011841 0.439999014139   			0 0   ox8 12
16.9121017456 11.8600006104 13.0200004578    0.0 3.14159011841 0.279998987913   			0 0   ox8 13
18.0836029053 12.1800003052 13.0    0.0 3.14159011841 0.159998998046   						0 0   ox8 14
19.2361984253 12.2799987793 13.0    0.0 3.14159011841 0.0399999991059   					0 0   ox8 15
19.9852981567 12.3000030518 12.9799995422    0.0 3.14159011841 0.0   						0 0   ox8 16
21.9919967651 12.3000030518 13.0200004578    0.0 3.14159011841 0.0   						0 0   x8
end 

wp x8 x9 002
30.7544021606 12.3000030518 13.0    0.0 3.14159011841 0.0   								0 0   x9
end

wp x8 p 002
23.1792984009 12.3000030518 12.7600002289    0.0 2.90159010887 0.0   						0 0   x8p 1
24.2912979126 12.3000030518 11.5799999237    0.0 2.46159005165 0.0   						0 0   x8p 2
24.8924026489 12.3000030518 10.3800001144    0.0 2.18159008026 0.0   						0 0   x8p 3
25.3523025513 12.3000030518 8.5199804306    0.0 1.82158994675 0.0   						0 0   x8p 4
25.4768981934 12.3000030518 6.51997995377    0.0 1.58159995079 0.0   						0 0   x8p 5
25.4040985107 12.3000030518 4.03997993469    0.0 1.38160002232 0.0   						0 0   x8p 6
24.59400177 12.3000030518 0.919983029366    0.0 0.818410992622 0.0   						0 0   x8p 7
23.3695983887 12.3000030518 -0.940017998219    0.0 0.0 0.0   								0 0   x8p 8
21.0305023193 12.3000030518 -6.78001022339    0.0 0.0 0.0   								0 0   p
end

wp q x9 002
30.8722000122 12.3000030518 -0.860019028187    0.0 0.0 0.0   								0 0   qx9 1
28.4727020264 12.3000030518 0.859982013702    0.0 5.48319005966 0.0   						0 0   qx9 2
27.5998001099 12.3000030518 4.01997995377    0.0 4.94158983231 0.0   						0 0   qx9 3
27.5270004272 12.3399963379 6.6199798584    0.0 4.67238998413 0.0   						0 0   qx9 4
27.6725997925 12.3000030518 8.6199798584    0.0 4.42158985138 0.0   						0 0   qx9 5
28.0947036743 12.3000030518 10.4600000381    0.0 3.98160004616 0.0   						0 0   qx9 6
28.7210998535 12.3000030518 11.720000267    0.0 3.74159002304 0.0   						0 0   qx9 7
29.6259994507 12.3000030518 12.6199998856    0.0 3.4215900898 0.0   						0 0   qx9 8
30.7544021606 12.3000030518 13.0    0.0 3.14159011841 0.0   								0 0   x9
end

wp m x7 002
38.8562011719 8.30000305176 -2.76002001762    0.0 6.24318981171 0.0   						0 0   mx7 1
37.5093994141 8.30000305176 -1.18001997471    0.0 5.64318990707 0.0   						0 0   mx7 2
36.6924972534 8.30000305176 1.33998000622    0.0 5.04319000244 0.0   						0 0   mx7 3
36.4878005981 8.30000305176 4.73998022079    0.0 4.71999979019 0.0   						0 0   mx7 4
36.7862014771 8.30000305176 7.25998020172    0.0 4.24318981171 0.0   						0 0   mx7 5
37.5086975098 8.30000305176 9.29998970032    0.0 3.88000011444 0.0   						0 0   mx7 6
38.4462966919 8.30000305176 10.5200004578    0.0 3.56698989868 0.0   						0 0   mx7 7
39.5727005005 8.30000305176 11.0    0.0 3.14159011841 0.0   								0 0   x7
end

wp x9 r 002
42.9424972534 12.2699966431 13.0200004578    0.0 3.14159011841 0.0   						0 0   x9r 1
44.3031997681 12.2393035889 13.0100002289    0.0 3.14159011841 6.20318984985   				0 0   x9r 2
45.6332015991 12.0101013184 13.0100002289    0.0 3.14159011841 6.00319004059   				0 0   x9r 3
46.7875976563 11.6182022095 13.0100002289    0.0 3.14159011841 5.84319019318   				0 0   x9r 4
47.8197021484 11.135597229 13.0100002289    0.0 3.14159011841 5.84319019318   				0 0   x9r 5
48.8951034546 10.7203979492 13.0100002289    0.0 3.14159011841 5.92319011688   				0 0   x9r 6
50.0207977295 10.4552993774 13.0100002289    0.0 3.14159011841 6.08318996429   				0 0   x9r 7
51.110496521 10.3199996948 12.9799995422    0.0 3.14159011841 6.20318984985   				0 0   x9r 8
52.0805969238 10.3000030518 12.8000001907    0.0 2.94159007072 0.0   						0 0   x9r 9
53.2796020508 10.3000030518 11.680100441    0.0 2.55999994278 0.0   						0 0   x9r 10
54.0194015503 10.3000030518 10.0600004196    0.0 2.11999988556 0.0   						0 0   x9r 11
54.3973999023 10.3000030518 8.25998020172    0.0 1.79999995232 0.0   						0 0   x9r 12
54.5008010864 10.3000030518 6.27998018265    0.0 1.57079994678 0.0   						0 0   x9r 13
54.5022964478 10.3000030518 3.95998001099    0.0 1.57079994678 0.0   						0 0   x9r 14
54.2615966797 10.3000030518 1.0399800539    0.0 1.03999996185 0.0   						0 0   x9r 15
52.8233032227 10.3000030518 -1.86002004147    0.0 0.0799996033311 0.0  						0 0   x9r 16
50.6438980103 10.3000030518 -5.06001996994    0.0 0.0 0.0   								0 0   r
end

wp x8 o 002
19.9852981567 12.3000030518 12.9799995422    0.0 0.0 0.0   									0 0   x8o 16
19.2361984253 12.2799987793 13.0    0.0 0.0 6.24318981171   								0 0   x8o 15
18.0836029053 12.1800003052 13.0    0.0 0.0 6.12318992615   								0 0   x8o 14
16.9121017456 11.8600006104 13.0200004578    0.0 0.0 6.00319004059   						0 0   x8o 13
15.7439002991 11.4000015259 13.1000003815    0.0 0.0 5.84319019318   						0 0   x8o 12
14.6271018982 10.9040985107 13.0399999619    0.0 0.0 5.88319015503   						0 0   x8o 11
13.4277992249 10.5307998657 13.0200004578    0.0 0.0 6.04319000244   						0 0   x8o 10
12.214099884 10.3543014526 13.0200004578    0.0 0.0 6.163189888   							0 0   x8o 9
10.9940986633 10.3000030518 12.8599996567    0.0 0.159997999668 0.0   						0 0   x8o 8
10.0623016357 10.3199996948 12.1400003433    0.0 0.480008006096 0.0   						0 0   x8o 7
9.26663970947 10.3000030518 10.8999996185    0.0 0.745397984982 0.0   						0 0   x8o 6
8.68180847168 10.3000030518 8.79998016357    0.0 1.24000000954 0.0   						0 0   x8o 5
8.50547027588 10.3000030518 6.09997987747    0.0 1.60000002384 0.0   						0 0   x8o 4
8.43796920776 10.4199981689 2.89998006821    0.0 1.44000005722 0.0   						0 0   x8o 3
8.01844024658 10.3000030518 0.379983991385    0.0 0.959998011589 0.0   						0 0   x8o 2
6.81864929199 10.3000030518 -2.20002007484    0.0 0.0 0.0   								0 0   x8o 1
2.71908187866 10.3000030518 -5.40001010895    0.0 0.0 0.0   								0 0   o
end

wp x6 k 002
30.4906005859 8.30000305176 11.3000001907    0.0 6.12317991257 0.0   						0 0   x6k 19
29.6790008545 8.30000305176 11.9200000763    0.0 5.88318014145 0.0   						0 0   x6k 18
28.5742034912 8.34158325195 12.720000267    0.0 6.08317995071 0.0   						0 0   x6k 17
27.1439971924 8.27851104736 13.0    0.0 0.0 0.0   											0 0   x6k 16
21.9983978271 8.30000305176 13.0    0.0 0.0 0.0   											0 0   x6k 15
20.8274002075 8.30000305176 12.6499996185    0.0 0.279998004436 0.0   						0 0   x6k 14
20.0121002197 8.30000305176 11.7899999619    0.0 0.600008010864 0.0   						0 0   x6k 13
19.2183990479 8.30000305176 10.5699996948    0.0 0.639998018742 0.0   						0 0   x6k 12
18.2297973633 8.30000305176 9.39000988007    0.0 0.319997996092 0.0   						0 0   x6k 11
17.0400009155 8.30000305176 9.0199804306    0.0 0.0 0.0   									0 0   x6k 10
15.9841003418 8.30000305176 8.99999046326    0.0 0.0 0.0   									0 0   x6k 9
14.9235992432 8.25009918213 9.01998996735    0.0 0.0 6.20318984985   						0 0   x6k 8
13.7126998901 8.07431030273 9.03999042511    0.0 0.0 6.08318996429   						0 0   x6k 7
12.4359016418 7.67835998535 9.01998996735    0.0 0.0 5.88319015503   						0 0   x6k 6
11.1500015259 7.12505340576 9.01998996735    0.0 0.0 5.84319019318   						0 0   x6k 5
9.89424133301 6.64556121826 8.99999046326    0.0 0.0 6.00319004059   						0 0   x6k 4
8.45211029053 6.35707092285 8.99999046326    0.0 0.0 6.20318984985   						0 0   x6k 3
7.02997970581 6.30000305176 9.01998996735    0.0 0.0 0.0   									0 0   x6k 2
0.639957427979 6.30000305176 9.01998996735    0.0 0.0 0.0   								0 0   x6k 1
0.196437835693 6.30000305176 -6.98001003265    0.0 0.0 0.0   								0 0   k
end

wp l x6 002
32.1508026123 8.25998687744 -3.06001996994    0.0 3.14159011841 0.0   						0 0   lx6 8
33.7994995117 8.30000305176 -0.580017983913    0.0 4.02159023285 0.0   						0 0   lx6 7
34.4394989014 8.30000305176 2.33997988701    0.0 4.50158977509 0.0   						0 0   lx6 6
34.4580993652 8.30000305176 5.01000022888    0.0 4.75238990784 0.0   						0 0   lx6 5
34.2729034424 8.30000305176 6.98999023438    0.0 5.08317995071 0.0   						0 0   lx6 4
33.9449005127 8.30000305176 8.3099603653    0.0 5.33777999878 0.0   						0 0   lx6 3
33.1502990723 8.30000305176 9.84996986389    0.0 5.68317985535 0.0   						0 0   lx6 2
32.1351013184 8.30000305176 10.7700004578    0.0 6.0615901947 0.0   						0 0   lx6 1
31.1905975342 8.30000305176 11.0200004578    0.0 0.0 0.0   									0 0   x6
end

wp p x8 002
23.3695983887 12.3000030518 -0.940017998219    0.0 3.14159011841 0.0   						0 0   px8 8
24.59400177 12.3000030518 0.919983029366    0.0 3.96000003815 0.0   						0 0   px8 7
25.4040985107 12.3000030518 4.03997993469    0.0 4.52319002151 0.0   						0 0   px8 6
25.4768981934 12.3000030518 6.51997995377    0.0 4.72318983078 0.0   						0 0   px8 5
25.3523025513 12.3000030518 8.5199804306    0.0 4.96318006516 0.0   						0 0   px8 4
24.8924026489 12.3000030518 10.3800001144    0.0 5.32318019867 0.0   						0 0   px8 3
24.2912979126 12.3000030518 11.5799999237    0.0 5.60317993164 0.0   						0 0   px8 2
23.1792984009 12.3000030518 12.7600002289    0.0 6.04317998886 0.0   						0 0   px8 1
21.9919967651 12.3000030518 13.0200004578    0.0 0.0 0.0   									0 0   x8
end

wp x9 q 002
29.6259994507 12.3000030518 12.6199998856    0.0 0.279998004436 0.0   						0 0   x9q 8
28.7210998535 12.3000030518 11.720000267    0.0 0.599997997284 0.0   						0 0   x9q 7
28.0947036743 12.3000030518 10.4600000381    0.0 0.840007007122 0.0   						0 0   x9q 6
27.6725997925 12.3000030518 8.6199798584    0.0 1.27999997139 0.0   						0 0   x9q 5
27.5270004272 12.3399963379 6.6199798584    0.0 1.53079998493 0.0   						0 0   x9q 4
27.5998001099 12.3000030518 4.01997995377    0.0 1.79999995232 0.0   						0 0   x9q 3
28.4727020264 12.3000030518 0.859982013702    0.0 2.34159994125 0.0   						0 0   x9q 2
30.8722000122 12.3000030518 -0.860019028187    0.0 3.14159011841 0.0   						0 0   x9q 1
34.268699646 12.0 -5.66001987457    0.0 3.14159011841 0.0   								0 0   q
end


wp x7 m 002
38.4462966919 8.30000305176 10.5200004578    0.0 0.425397992134 0.0   						0 0   x7m 7
37.5086975098 8.30000305176 9.29998970032    0.0 0.738408029079 0.0   						0 0   x7m 6
36.7862014771 8.30000305176 7.25998020172    0.0 1.10160005093 0.0   						0 0   x7m 5
36.4878005981 8.30000305176 4.73998022079    0.0 1.57841002941 0.0   						0 0   x7m 4
36.6924972534 8.30000305176 1.33998000622    0.0 1.90160000324 0.0   						0 0   x7m 3
37.5093994141 8.30000305176 -1.18001997471    0.0 2.50160002708 0.0   						0 0   x7m 2
38.8562011719 8.30000305176 -2.76002001762    0.0 3.10159993172 0.0   						0 0   x7m 1
40.6156005859 8.33999633789 -9.76002025604    0.0 3.14159011841 0.0   						0 0   m
end

wp n x7 002
44.648399353 8.30000305176 11.0200004578    0.0 0.0 0.0   									0 0   nx7 1
39.5727005005 8.30000305176 11.0    0.0 0.0 0.0   											0 0   x7 
end

wp r x9 002
52.8233032227 10.3000030518 -1.86002004147    0.0 3.22159004211 0.0   						0 0   rx9 16
54.2615966797 10.3000030518 1.0399800539    0.0 4.18159008026 0.0   						0 0   rx9 15
54.5022964478 10.3000030518 3.95998001099    0.0 4.71238994598 0.0   						0 0   rx9 14
54.5008010864 10.3000030518 6.27998018265    0.0 4.71238994598 0.0   						0 0   rx9 13
54.3973999023 10.3000030518 8.25998020172    0.0 4.94158983231 0.0   						0 0   rx9 12
54.0194015503 10.3000030518 10.0600004196    0.0 5.26159000397 0.0   						0 0   rx9 11
53.2796020508 10.3000030518 11.680100441    0.0 5.70159006119 0.0   						0 0   rx9 10
52.0805969238 10.3000030518 12.8000001907    0.0 6.08317995071 0.0   						0 0   rx9 9
51.110496521 10.3199996948 12.9799995422    0.0 0.0 0.0399999991059   						0 0   rx9 8
50.0207977295 10.4552993774 13.0100002289    0.0 0.0 0.159998998046   						0 0   rx9 7
48.8951034546 10.7203979492 13.0100002289    0.0 0.0 0.319999009371   						0 0   rx9 6
47.8197021484 11.135597229 13.0100002289    0.0 0.0 0.479999005795   						0 0   rx9 5
46.7875976563 11.6182022095 13.0100002289    0.0 0.0 0.399998992682   						0 0   rx9 4
45.6332015991 12.0101013184 13.0100002289    0.0 0.0 0.239998996258   						0 0   rx9 3
44.3031997681 12.2393035889 13.0100002289    0.0 0.0 0.0799989029765   						0 0   rx9 2
42.9424972534 12.2699966431 13.0200004578    0.0 0.0 0.0   									0 0   rx9 1
30.7544021606 12.3000030518 13.0    0.0 0.0 0.0   											0 0   x9
end

wp x7 x6 002
31.1905975342 8.30000305176 11.0200004578    0.0 0.0 0.0   									0 0   x6
end

wp x9 x8 002
21.9919967651 12.3000030518 13.0200004578    0.0 0.0 0.0   									0 0   x8
end

wp h x5 003
47.0401992798 18.3399963379 -2.99000000954    0.0 0.0 0.0   								0 0   hx5 1
44.532699585 18.3000030518 -1.30999994278    0.0 5.51239013672 0.0   						0 0   hx5 2
43.6623001099 18.3000030518 1.80999994278    0.0 4.99239015579 0.0   						0 0   hx5 3
43.4943008423 18.3000030518 5.01000022888    0.0 4.71238994598 0.0   						0 0   hx5 4
43.5152015686 18.3000030518 7.25    0.0 4.55239009857 0.0   								0 0   hx5 5
43.9287986755 18.3000030518 9.99001026154    0.0 4.11239004135 0.0   						0 0   hx5 6
44.8286018372 18.3000030518 11.7899999619    0.0 3.75238990784 0.0   						0 0   hx5 7
45.8237991333 18.3000030518 12.75    0.0 3.44699001312 0.0   								0 0   hx5 8
47.1491012573 18.3000030518 12.9899997711    0.0 3.14159011841 0.0   						0 0   x5 0
end

wp x4 e 003
29.3769989014 18.3000030518 13.0100002289    0.0 0.0 0.0   									2 2   x4e 52
27.9458007813 18.227897644 12.970000267    0.0 0.0 6.163189888   							2 2   x4e 51
26.5316009521 17.9375991821 12.8100004196    0.0 0.0 5.92319011688   						2 2   x4e 50
25.3926010132 17.4574966431 12.7100000381    0.0 0.0 5.76318979263   						2 2   x4e 49
24.186000824 16.6846008301 12.5900001526    0.0 0.0 5.66858005524   						2 2   x4e 48
22.8955001831 15.295501709 12.4300003052    0.0384294986725 0.0110863000154 5.37758016586   2 2   x4e 47
22.3569984436 14.5277023315 12.3900003433    0.0 0.0 5.2285900116   						2 2   x4e 46
21.8720016479 13.5093994141 12.2100000381    0.0 0.0 5.14859008789   						2 2   x4e 45
21.4925003052 12.2251968384 12.1700000763    0.0 0.0 4.86538982391   						2 2   x4e 44
21.3843994141 11.0061035156 12.0500001907    0.0 0.0 4.69080018997   						2 2   x4e 43
21.5149993896 9.52689361572 11.8699998856    0.0 0.0 4.37080001831   						2 2   x4e 42
21.9090995789 8.33937835693 11.8299999237    0.0 0.0 4.31619977951   						2 2   x4e 41
22.5433998108 7.13385009766 11.7299995422    0.0 0.0 4.11619997025   						2 2   x4e 40
23.653301239 5.78202819824 11.529999733    0.0 0.0 3.83618998528   							2 2   x4e 39
24.8988990784 4.91174316406 11.3500003815    0.0 0.0 3.63618993759   						2 2   x4e 38
26.1380996704 4.32437133789 11.2100000381    6.22368001938 6.17891979218 3.23308992386   	2 2   x4e 37
27.1230010986 4.13191223145 11.1701002121    6.23050022125 6.22297000885 3.2416100502   	2 2   x4e 36
28.6649017334 4.08666229248 11.0501003265    6.28000020981 6.20426988602 3.00343990326   	2 2   x4e 35
30.0358009338 4.32457733154 10.8299999237    0.0310925003141 6.20948982239 2.80434989929   	2 2   x4e 34
31.3266983032 4.85256195068 10.7299995422    0.0565386004746 0.0 2.60397005081 				2 2   x4e 33
32.3793983459 5.60349273682 10.5699996948    0.0745149031281 6.25412988663 2.44427990913   	2 2   x4e 32
33.2844009399 6.49687957764 10.4300003052    0.119902998209 0.00398181984201 2.19976997375  2 2   x4e 31
34.0211982727 7.64335632324 10.3500003815    6.25185012817 6.25822019577 1.91958999634   	2 2   x4e 30
34.4491996765 8.88564300537 10.1700000763    0.0 0.0 1.75999999046   						2 2   x4e 29
34.5872001648 10.1597976685 10.0900001526    0.0 0.0 1.60000002384   						2 2   x4e 28
34.4949989319 11.595199585 9.1900100708    0.0 0.0 1.32000005245   							2 2   x4e 27
34.1032981873 12.7391967773 9.77001953125    0.0 0.0 1.12000000477   						2 2   x4e 26
33.4994010925 13.8199996948 9.65001964569    0.0 0.0 0.919997990131   						2 2   x4e 25
32.6481018066 14.8191986084 9.47002029419    0.052701998502 0.0602114014328 0.718409001827  2 2   x4e 24
31.5597991943 15.6052017212 9.33001041412    0.0455988012254 0.0769407004118 0.396649986506 2 2   x4e 23
30.0635986328 16.1464004517 9.1900100708    0.0 0.0 0.199999004602   						2 2   x4e 22
28.7341995239 16.2748031616 9.35000991821    0.0 0.0 0.0   									2 2   x4e 21
25.2361984253 16.2835006714 9.21000957489    0.0 0.0 0.0   									2 2   x4e 20
24.5537986755 16.2771987915 9.11001014709    0.0 0.0 6.20318984985   						2 2   x4e 19
23.3550987244 16.1063995361 9.03001022339    0.0 0.0 5.96319007874   						2 2   x4e 18
22.5369987488 15.8143005371 9.03001022339    0.0 0.0 5.80319023132   						2 2   x4e 17
21.6944999695 15.2919006348 9.02999019623    0.0 0.0 5.60318994522  						2 2   x4e 16
20.2551002502 14.0090026855 9.05000972748    0.0 0.0 5.48319005966   						2 2   x4e 15
17.672000885 11.401802063 9.01000022888    0.0 0.0 5.48319005966   							2 2   x4e 14
16.4440002441 10.1800003052 9.01000022888    0.0 0.0 5.56318998337   						2 2   x4e 13
15.3306007385 9.25006103516 9.01000022888    0.0 0.0 5.60318994522   						2 2   x4e 12
14.1233997345 8.60182952881 9.02999973297    6.26333999634 0.0347503982484 5.8834400177   	2 2   x4e 11
12.6429004669 8.3399887085 9.01000976563    0.0 0.0 6.163189888   							2 2   x4e 10
11.1396007538 8.30000305176 9.02999973297    0.0 0.0 0.0   									2 2   x4e 9
9.98033905029 8.30000305176 8.90999984741    0.0 0.301598012447 0.0   						2 2   x4e 8
9.2956199646 8.30000305176 8.36999988556    0.0 0.41840800643 0.0   						2 2   x4e 7
8.35383033752 8.30000305176 7.07000017166    0.0 0.861598014832 0.0   						2 2   x4e 6
7.83514976501 8.30000305176 5.51000022888    0.0 1.21080005169 0.0   						2 2   x4e 5
7.52094078064 8.30000305176 3.1099998951    0.0 1.57079994678 0.0   						2 2   x4e 4
7.92453956604 8.30000305176 0.499983012676    0.0 2.14159989357 0.0   						2 2   x4e 3
8.50514030457 8.5 -1.40002000332    0.0 2.42160010338 0.0   								2 2   x4e 2
9.91661071777 8.30000305176 -2.40001988411    0.0 3.10159993172 0.0   						2 2   x4e 1
13.2446994781 8.30000305176 -2.80001997948    0.0 3.14159011841 0.0   						0 0   e
end

wp x5 x4 003
38.2811012268 18.3000030518 13.029999733    0.0 0.0 0.0   									0 0   x4
end

wp g x4 003
41.0082015991 18.3000030518 0.729925990105    0.0 3.98159003258 0.0   						0 0   gx4 7
41.4151000977 18.1800003052 3.68989992142    0.0 4.51239013672 0.0   						0 0   gx4 6
41.4654006958 18.2399978638 6.76989984512    0.0 4.71238994598 0.0   						0 0   gx4 5
41.2680015564 18.3000030518 9.10988998413    0.0 5.04317998886 0.0   						0 0   gx4 4
40.7624015808 18.3000030518 10.789899826    0.0 5.44318008423 0.0   						0 0   gx4 3
39.8009986877 18.3000030518 12.3298997879    0.0 5.80318021774 0.0   						0 0   gx4 2
39.3785018921 18.3000030518 12.8298997879    0.0 5.94478988647 0.0   						0 0   gx4 1
38.2811012268 18.3000030518 13.029999733    0.0 0.0 0.0   									0 0   x4
end

wp x5 h 003
45.8237991333 18.3000030518 12.75    0.0 0.305397987366 0.0   								0 0   x5h 8
44.8286018372 18.3000030518 11.7899999619    0.0 0.610798001289 0.0   						0 0   x5h 7
43.9287986755 18.3000030518 9.99001026154    0.0 0.970798015594 0.0   						0 0   x5h 6
43.5152015686 18.3000030518 7.25    0.0 1.41079998016 0.0   								0 0   x5h 5
43.4943008423 18.3000030518 5.01000022888    0.0 1.57079994678 0.0   						0 0   x5h 4
43.6623001099 18.3000030518 1.80999994278    0.0 1.85080003738 0.0   						0 0   x5h 3
44.532699585 18.3000030518 -1.30999994278    0.0 2.37079000473 0.0   						0 0   x5h 2
47.0401992798 18.3399963379 -2.99000000954    0.0 3.14159011841 0.0   						0 0   x5h 1
47.3409996033 18.3000030518 -10.3100004196    0.0 3.14159011841 0.0   						0 0   h
end

wp i x5 003
76.8367004395 18.3000030518 -0.430061012506    0.0 4.14159011841 0.0   						0 0   ix5 14
77.4251022339 18.3000030518 2.30994009972    0.0 4.50158977509 0.0   						0 0   ix5 13
77.3359985352 18.3000030518 4.8099398613    0.0 5.11239004135 0.0   						0 0   ix5 12
76.5550994873 18.3199996948 7.32992982864    0.0 5.49778985977 0.0   						0 0   ix5 11
75.5101013184 18.3000030518 8.56993961334    0.0 5.8431801796 0.0   						0 0   ix5 10
74.4617004395 18.3070983887 8.9499502182    0.0 6.20317983627 0.0   						0 0   ix5 9
73.193397522 18.2149963379 9.05000019073    0.0 0.0 0.0   									0 0   ix5 8
65.7077026367 18.3000030518 8.97002983093    0.0 0.0 0.0   									0 0   ix5 7
64.7854995728 18.3399963379 9.10995960236    0.0 6.16317987442 0.0   						0 0   ix5 6
63.904296875 18.3000030518 9.58996963501    0.0 6.00318002701 0.0   						0 0   ix5 5
62.7816009521 18.3000030518 10.7899999619    0.0 5.76317977905 0.0   						0 0   ix5 4
61.7863006592 18.3000030518 11.9499998093    0.0 5.76317977905 0.0   						0 0   ix5 3
60.6596984863 18.3399963379 12.75    0.0 6.04317998886 0.0   								0 0   ix5 2
59.2985992432 18.3000030518 13.0699996948    0.0 0.0 0.0   									0 0   ix5 1
47.1491012573 18.3000030518 12.9899997711    0.0 0.0 0.0   									0 0   x5
end

wp j f 003
83.4203033447 22.3000030518 -2.0500099659    0.0 3.62158989906 0.0   						0 0   jf 47
84.302696228 22.3000030518 1.56999003887    0.0 4.37778997421 0.0   						0 0   jf 46
84.2591018677 22.3000030518 4.9499797821    0.0 5.0977897644 0.0   							0 0   jf 45
83.5464019775 22.3000030518 7.24997997284    0.0 5.5777797699 0.0   						0 0   jf 44
82.3229980469 22.3000030518 8.64997005463    0.0 5.97777986526 0.0   						0 0   jf 43
81.0923995972 22.3000030518 9.00998973846    0.0 0.0146078001708 0.0   						0 0   jf 42
79.0830001831 22.3000030518 9.02999019623    0.0 6.25779008865 0.0   						0 0   jf 41
77.4570999146 22.3000030518 9.74999046326    0.0 5.85777997971 0.0   						0 0   jf 40
76.3505020142 22.3000030518 11.1300001144    0.0 5.61778020859 0.0   						0 0   jf 39
75.1872024536 22.3150024414 12.6800003052    0.0 6.00318002701 0.0   						0 0   jf 38
74.0914993286 22.2600021362 13.0    0.0 0.0 6.163189888   									0 0   jf 37
72.7425994873 21.9511032104 13.0200004578    0.0 0.0 5.84319019318   						0 0   jf 36
71.3587036133 21.0625 13.0    6.27093982697 6.25629997253 5.52249002457   					0 0   jf 35
70.1671981812 19.948600769 13.0399999619    0.0263023003936 6.25309991837 5.56359004974   	0 0   jf 34
68.9760971069 19.0127029419 12.9600000381    0.00607906002551 0.010306100361 5.7613902092   0 0   jf 33
67.5 18.4400024414 13.0100002289    6.27527999878 0.0391914993525 6.083340168   			0 0   jf 32
66.383102417 18.3007965088 13.0399999619    6.28002023697 6.24330997467 0.0799354985356   	0 0   jf 31
64.8837966919 18.3000030518 12.9600000381    0.0 0.119998000562 0.0   						0 0   jf 30
63.3414993286 18.3000030518 12.0600004196    0.0 0.399998009205 0.0   						0 0   jf 29
62.1750030518 18.3000030518 10.7399997711    0.0 0.519998013973 0.0   						0 0   jf 28
60.9681015015 18.3000030518 9.67998981476    0.0 0.319997996092 0.0   						0 0   jf 27
59.6050033569 18.2799987793 9.07997989655    0.0 0.0399970002472 0.0   						0 0   jf 26
58.146697998 18.2600021362 8.99999046326    0.00635705003515 6.24370002747 6.12331008911   	0 0   jf 25
56.6841964722 17.9000015259 9.01998996735    6.26767015457 0.0368455015123 5.88348007202   	0 0   jf 24
55.3943023682 17.0697021484 8.95998001099    6.2327299118 6.27810001373 5.60246992111   	0 0   jf 23
54.4354019165 16.2248001099 8.97999000549    6.23210000992 6.27314996719 5.5620098114   	0 0   jf 22
53.4253997803 15.3514022827 9.0199804306    6.20353984833 0.0310580004007 5.72337007523   	0 0   jf 21
52.3889007568 14.7152023315 9.03997993469    6.25504016876 0.0748862996697 5.9242401123   	0 0   jf 20
51.2544021606 14.4000015259 8.9999704361    0.0 0.0 6.20318984985   						0 0   jf 19
49.9208984375 14.3000030518 9.31999015808    0.0 6.00318002701 0.0  						0 0   jf 18
48.9775009155 14.3000030518 10.1999998093    0.0 5.76317977905 0.0   						0 0   jf 17
48.2232971191 14.3199996948 11.4600000381    0.0 5.60317993164 0.0   						0 0   jf 16
47.1129989624 14.3000030518 12.6800003052    0.0 6.00318002701 0.0   						0 0   jf 15
45.7607002258 14.2773971558 13.0    0.0 0.0 0.0   											0 0   jf 14
39.6982002258 14.3307037354 12.8999996185    0.0 6.24317979813 0.0   						0 0   jf 13
38.8763999939 14.2799987793 12.9600000381    0.0 6.24317979813 0.0   						0 0   jf 12
37.2023010254 14.1999969482 13.4600000381    0.0120844002813 6.03163003922 6.07966995239   	0 0   jf 11
35.6613006592 13.706703186 14.8199996948    6.23401021957 5.87131977081 5.90261983871   	0 0   jf 10
34.4070014954 12.8238983154 16.5799999237    6.12119007111 5.7270898819 5.64475011826   	0 0   jf 9
33.4838981628 12.081703186 17.2399997711    5.81270980835 5.75511980057 5.32046985626   	0 0   jf 8
32.5143013 11.0886001587 16.5400009155    5.55071020126 0.196283996105 5.60212993622   		0 0   jf 7
31.6357002258 10.5367965698 14.0200004578    5.76976013184 1.19161999226 6.12684011459   	0 0   jf 6
31.5728988647 10.3760986328 12.0399999619    6.09806013107 1.4949400425 0.0809303000569   	0 0   jf 5
31.4879989624 10.2880020142 9.31999969482    0.0 1.57079994678 0.0   						0 0   jf 4
31.4766998291 10.2637023926 4.49997997284    0.0 1.57079994678 0.0   						0 0   jf 3
31.6678009033 10.3001022339 1.47997999191    0.0 1.89079999924 0.0   						0 0   jf 2
32.7150001526 10.3516998291 -1.62002003193    0.0 2.66160011292 0.0   						0 0   jf 1
35.557800293 10.2397003174 -2.72002005577    0.0 3.14159011841 0.0   						0 0   f
end

wp s final1 004
50.4451980591 10.3000030518 -2.52002000809   0.0 3.14159011841 0.0   						3 3   send 1
51.6008987427 10.3000030518 -0.720019996166  0.0 3.9416000843 0.0   						3 3   send 2
52.4457015991 10.3000030518 2.15998005867    0.0 4.48319005966 0.0   						3 3   send 3
52.3068008423 10.3000030518 4.53000020981    0.0 5.04319000244 0.0   						3 3   send 4
51.5324020386 10.3000030518 6.65997982025    0.0 5.48319005966 0.0   						3 3   send 5
50.5752029419 10.3000030518 8.35997962952    0.0 5.92319011688 0.0   						3 3   send 6
49.5935974121 10.3000030518 8.87998962402    0.0 6.12318992615 0.0   						3 3   send 7
48.5020980835 10.3000030518 9.03999042511    0.0 0.0 0.0   									3 3   send 8
46.0418014526 10.3000030518 9.01998996735    0.0 0.3 0.0   									3 3   send 9
44.9571990967 10.2754058838 9.01998996735    0.0 0.0 6.20318984985  						3 3   send 10
43.9514007568 10.1407012939 9.01998996735    0.0 0.0 6.08318996429   						3 3   send 11
end

wp final1 end 004
42.900100708 9.79287719727 9.13998985291    0.332975000143 6.20115995407 5.94302988052   	3 3   send 12
41.5947990417 9.25256347656 9.73997020721    0.643400013447 6.23373985291 5.76144981384   	3 3   send 13
40.3494987488 8.74215698242 10.8599996567    0.874091982841 6.19277000427 5.98859977722   	3 3   send 14
38.9788017273 8.44540405273 12.2399997711    1.40208005905 0.00771269993857 5.87025022507   3 3   send 15
37.300201416 8.55995178223 13.8999996185    1.30239999294 3.2217900753 2.46724009514   		3 3   send 16
35.9463996887 8.81170654297 15.1400003433    1.02104997635 2.902780056 2.81560993195   		3 3   send 17
34.7242012024 9.12803649902 15.8199996948    0.658290982246 3.06964993477 2.67194008827   	3 3   send 18
33.3123016357 10.0086975098 15.220000267    0.052181199193 3.17430996895 2.58073997498   	3 3   send 19
32.0586013794 10.5675048828 15.1999998093    0.244469001889 3.2356300354 2.77003002167   	3 3   send 20
30.7192001343 11.0847015381 14.6000003815    0.0 3.14159011841 2.8615899086   				3 3   send 21
29.5009994507 11.4434051514 13.3999996185    5.96319007874 3.14159011841 2.90159010887   	3 3   send 22
28.092300415 11.845993042 11.8000001907    5.44319009781 3.14159011841 3.14159011841   		3 3   send 23
26.5275993347 12.4635925293 11.1000003815    5.08318996429 3.14159011841 3.14159011841   	3 3   send 24
25.1175003052 13.066696167 10.6000003815    5.3406701088 0.00805296003819 6.23337984085   	2 2   send 25
23.2641983032 13.366104126 9.6999797821    0.698408007622 0.0 0.0   						1 1   send 26
21.4382019043 13.9810028076 9.37996959686    0.879998981953 0.0 0.0   						0 0   send 27
19.1328010559 13.9360961914 8.17996025085    1.54158997536 3.14159011841 3.10158991814   	1 1   send 28
15.6333007813 14.0200042725 7.3799700737    1.51999998093 0.0 0.0   						-2 -2   end 0
end